44 36 81 25 11 93 49 99 85 1 

8 22 80 81 89 46 66 78 26 80 54 33 12 50 19 46 30 29 3 34 

79 56 66 60 22 39 88 73 82 4 72 58 42 96 75 26 78 21 77 41 27 51 42 32 4 5 71 58 37 57 

74 31 4 34 55 19 70 13 65 8 43 86 5 76 9 57 72 49 54 73 91 50 0 35 70 11 40 70 1 15 90 85 7 37 52 29 88 12 61 33 

78 88 49 23 78 86 66 2 35 10 64 81 47 70 44 96 98 89 89 61 20 1 21 72 42 90 7 44 39 37 56 46 7 59 23 3 56 98 88 89 17 20 29 77 55 69 12 31 98 72 

63 38 8 8 21 42 36 77 92 31 17 64 3 61 52 87 62 88 0 50 44 40 44 13 44 97 90 19 15 63 26 50 13 38 9 60 34 80 27 41 7 51 95 98 41 16 25 54 37 60 36 87 93 3 65 39 46 94 88 27 

58 77 86 0 96 12 31 20 33 97 4 75 25 43 43 51 71 10 22 64 29 71 58 89 52 20 9 71 11 63 57 3 33 84 34 21 79 21 50 53 46 33 4 63 26 59 67 31 80 0 55 43 90 87 88 39 93 29 86 1 22 45 97 61 55 92 71 63 67 36 

42 64 24 93 10 73 29 64 70 57 45 12 85 1 79 90 52 95 47 66 58 4 3 58 49 86 1 37 47 64 44 41 11 54 12 72 25 24 99 29 87 79 6 25 86 36 65 0 73 75 2 53 32 82 55 65 43 29 34 16 31 13 93 32 65 34 42 94 67 26 36 74 52 19 86 19 52 62 55 51 

70 76 71 16 68 17 14 75 48 16 43 88 72 86 78 50 41 83 37 80 67 5 15 64 0 2 38 67 21 52 30 25 1 94 90 38 37 46 27 74 65 37 75 5 69 83 0 78 41 12 13 77 72 42 20 6 95 87 37 36 51 93 14 77 49 93 19 32 97 61 83 25 24 57 99 16 69 16 71 48 3 42 7 29 48 5 8 88 37 76 

79 86 12 63 70 76 2 76 40 37 19 38 73 40 22 40 11 64 34 24 6 33 93 25 51 4 74 13 11 74 54 99 58 10 94 24 66 37 8 85 96 53 91 40 66 4 92 90 94 53 11 60 30 52 13 53 96 71 78 8 0 9 10 30 16 58 0 25 51 84 19 58 17 12 49 16 6 16 61 47 56 83 59 4 7 37 61 85 19 21 4 12 88 12 33 7 93 45 46 2 

