6 91 82 41 3 37 20 93 58 25 

1 83 26 90 63 11 99 3 39 55 14 0 73 88 81 90 77 88 82 84 

99 80 37 15 87 53 44 44 46 50 15 49 65 72 95 6 51 80 21 92 69 48 54 79 32 24 50 3 15 23 

8 12 13 51 17 51 13 9 39 45 12 12 74 2 15 71 99 56 81 81 13 65 76 41 93 15 23 82 95 67 26 69 46 39 58 84 82 84 94 25 

40 46 23 56 69 22 38 41 12 78 7 81 54 35 90 71 55 95 7 14 38 88 8 57 92 65 53 78 29 48 55 22 7 88 54 13 87 23 44 17 21 71 15 10 56 24 60 9 74 9 

8 31 5 96 11 60 22 27 56 54 17 25 72 60 49 75 51 44 85 39 91 8 55 3 30 81 60 74 26 8 28 80 90 6 79 26 8 89 89 55 25 59 98 13 77 42 49 44 28 61 74 17 28 34 57 37 80 72 33 7 

7 87 76 24 53 94 73 38 87 33 56 83 58 31 21 94 50 45 71 29 2 71 66 89 55 14 79 75 28 15 3 29 49 11 19 61 97 16 58 0 60 19 35 73 53 94 29 30 94 52 24 0 29 35 98 67 91 49 53 44 12 97 27 27 46 84 72 43 97 79 

70 68 22 48 11 23 10 1 26 67 66 20 59 55 65 40 0 79 78 10 24 77 66 35 24 37 47 49 91 50 94 80 74 78 59 96 83 95 39 96 44 32 42 48 8 64 37 63 35 1 74 42 43 32 31 97 6 10 56 59 48 2 0 11 56 82 37 10 95 83 78 42 12 69 50 73 12 22 75 71 

24 29 92 64 47 70 51 10 49 84 61 73 24 75 31 15 6 12 81 50 68 14 9 96 50 2 6 43 26 92 13 57 17 3 0 73 43 51 5 94 22 6 70 56 78 54 38 65 4 20 66 45 36 12 78 73 76 7 9 77 14 8 88 36 57 48 82 0 55 68 11 26 56 76 10 15 46 49 75 20 25 39 90 67 10 4 2 78 68 40 

85 35 20 61 72 49 52 2 77 55 15 75 19 70 76 43 98 99 13 70 68 65 73 79 99 28 79 12 36 71 33 73 4 19 65 47 73 92 71 22 78 19 4 65 22 85 5 1 34 96 6 63 42 11 12 41 63 78 45 59 74 71 3 94 31 70 16 26 6 84 73 13 29 14 77 27 76 84 55 31 6 1 61 2 97 55 3 34 4 80 19 33 38 22 79 8 9 39 50 54 

